[[  1.00000000e+00   3.00000000e+00   8.00000000e+00   1.00000000e+01
    1.10000000e+01   1.40000000e+01   1.80000000e+01   2.10000000e+01
    2.20000000e+01   2.40000000e+01   2.50000000e+01   2.70000000e+01
    3.10000000e+01   3.20000000e+01   1.00000000e+00   3.00000000e+00
    8.00000000e+00   1.00000000e+01   1.10000000e+01   1.40000000e+01
    1.80000000e+01   2.20000000e+01   2.50000000e+01   3.10000000e+01
    3.20000000e+01   2.30000000e+01   2.60000000e+01   1.00000000e+00
    1.60000000e+01   1.00000000e+00   3.00000000e+00   1.10000000e+01
    1.40000000e+01   1.60000000e+01   2.20000000e+01   2.30000000e+01
    2.60000000e+01   3.10000000e+01   3.20000000e+01   9.00000000e+00
    3.00000000e+00   6.00000000e+00   7.00000000e+00   2.30000000e+01
    2.70000000e+01   3.00000000e+00   6.00000000e+00   7.00000000e+00
    9.00000000e+00   1.60000000e+01   2.20000000e+01   2.30000000e+01
    2.60000000e+01   2.70000000e+01   3.00000000e+01   8.00000000e+00
    2.80000000e+01   7.00000000e+00   5.00000000e+00   5.00000000e+00
    7.00000000e+00   8.00000000e+00   9.00000000e+00   1.60000000e+01
    2.30000000e+01   2.70000000e+01   2.80000000e+01   3.00000000e+01
    1.10000000e+01   5.00000000e+00   1.30000000e+01   1.70000000e+01
    1.00000000e+00   5.00000000e+00   7.00000000e+00   8.00000000e+00
    9.00000000e+00   1.10000000e+01   1.30000000e+01   1.70000000e+01
    2.80000000e+01   3.00000000e+01   1.00000000e+00   1.90000000e+01
    1.50000000e+01   1.50000000e+01   8.00000000e+00   6.00000000e+00
    1.00000000e+00   6.00000000e+00   7.00000000e+00   1.10000000e+01
    1.30000000e+01   1.50000000e+01   1.70000000e+01   1.90000000e+01
    2.80000000e+01   3.00000000e+01   2.40000000e+01   2.80000000e+01
    2.00000000e+00   1.20000000e+01   2.00000000e+00   6.00000000e+00
    1.20000000e+01   1.30000000e+01   1.50000000e+01   1.70000000e+01
    1.90000000e+01   2.40000000e+01   2.80000000e+01   2.50000000e+01
    2.90000000e+01   5.00000000e+00   1.90000000e+01   2.00000000e+00
    5.00000000e+00   6.00000000e+00   1.20000000e+01   1.90000000e+01
    2.40000000e+01   2.50000000e+01   2.90000000e+01   2.00000000e+01
    3.10000000e+01   2.10000000e+01   2.00000000e+00   5.00000000e+00
    1.20000000e+01   2.00000000e+01   2.10000000e+01   2.50000000e+01
    2.90000000e+01   3.10000000e+01   1.30000000e+01   1.50000000e+01
    1.80000000e+01   2.60000000e+01   1.60000000e+01   1.00000000e+01
    5.00000000e+00   1.00000000e+01   1.30000000e+01   1.50000000e+01
    1.60000000e+01   1.80000000e+01   2.00000000e+01   2.10000000e+01
    2.50000000e+01   2.60000000e+01   2.90000000e+01   2.70000000e+01
    1.30000000e+01   3.20000000e+01   2.40000000e+01   1.00000000e+01
    1.30000000e+01   1.50000000e+01   1.60000000e+01   1.80000000e+01
    2.00000000e+01   2.10000000e+01   2.40000000e+01   2.60000000e+01
    2.70000000e+01   2.90000000e+01   3.20000000e+01   8.00000000e+00
    1.40000000e+01   1.40000000e+01   1.10000000e+01   8.00000000e+00
    1.00000000e+01   1.10000000e+01   1.40000000e+01   1.80000000e+01
    2.10000000e+01   2.40000000e+01   2.70000000e+01   3.20000000e+01
    3.10000000e+01   1.00000000e+00   2.20000000e+01   2.50000000e+01
    3.00000000e+00]
 [  0.00000000e+00   0.00000000e+00   0.00000000e+00   0.00000000e+00
    0.00000000e+00   0.00000000e+00   0.00000000e+00   0.00000000e+00
    0.00000000e+00   0.00000000e+00   0.00000000e+00   0.00000000e+00
    0.00000000e+00   0.00000000e+00   0.00000000e+00   0.00000000e+00
    0.00000000e+00   0.00000000e+00   0.00000000e+00   0.00000000e+00
    0.00000000e+00   0.00000000e+00   0.00000000e+00   0.00000000e+00
    0.00000000e+00   0.00000000e+00   0.00000000e+00   0.00000000e+00
    0.00000000e+00   0.00000000e+00   0.00000000e+00   0.00000000e+00
    0.00000000e+00   0.00000000e+00   0.00000000e+00   0.00000000e+00
    0.00000000e+00   0.00000000e+00   0.00000000e+00   0.00000000e+00
    0.00000000e+00   0.00000000e+00   0.00000000e+00   0.00000000e+00
    0.00000000e+00   0.00000000e+00   0.00000000e+00   0.00000000e+00
    0.00000000e+00   0.00000000e+00   0.00000000e+00   0.00000000e+00
    0.00000000e+00   0.00000000e+00   0.00000000e+00   0.00000000e+00
    0.00000000e+00   0.00000000e+00   0.00000000e+00   0.00000000e+00
    0.00000000e+00   0.00000000e+00   0.00000000e+00   0.00000000e+00
    0.00000000e+00   0.00000000e+00   0.00000000e+00   0.00000000e+00
    0.00000000e+00   0.00000000e+00   0.00000000e+00   0.00000000e+00
    0.00000000e+00   0.00000000e+00   0.00000000e+00   0.00000000e+00
    0.00000000e+00   0.00000000e+00   0.00000000e+00   0.00000000e+00
    0.00000000e+00   0.00000000e+00   0.00000000e+00   0.00000000e+00
    0.00000000e+00   0.00000000e+00   0.00000000e+00   0.00000000e+00
    0.00000000e+00   0.00000000e+00   0.00000000e+00   0.00000000e+00
    0.00000000e+00   0.00000000e+00   0.00000000e+00   0.00000000e+00
    0.00000000e+00   0.00000000e+00   0.00000000e+00   0.00000000e+00
    0.00000000e+00   0.00000000e+00   0.00000000e+00   0.00000000e+00
    0.00000000e+00   0.00000000e+00   0.00000000e+00   0.00000000e+00
    0.00000000e+00   0.00000000e+00   0.00000000e+00   0.00000000e+00
    0.00000000e+00   0.00000000e+00   0.00000000e+00   0.00000000e+00
    0.00000000e+00   0.00000000e+00   0.00000000e+00   0.00000000e+00
    0.00000000e+00   0.00000000e+00   0.00000000e+00   0.00000000e+00
    0.00000000e+00   0.00000000e+00   0.00000000e+00   0.00000000e+00
    0.00000000e+00   0.00000000e+00   0.00000000e+00   0.00000000e+00
    0.00000000e+00   0.00000000e+00   0.00000000e+00   0.00000000e+00
    0.00000000e+00   0.00000000e+00   0.00000000e+00   0.00000000e+00
    0.00000000e+00   0.00000000e+00   0.00000000e+00   0.00000000e+00
    0.00000000e+00   0.00000000e+00   0.00000000e+00   0.00000000e+00
    0.00000000e+00   0.00000000e+00   0.00000000e+00   0.00000000e+00
    0.00000000e+00   0.00000000e+00   0.00000000e+00   0.00000000e+00
    0.00000000e+00   0.00000000e+00   0.00000000e+00   0.00000000e+00
    0.00000000e+00   0.00000000e+00   0.00000000e+00   0.00000000e+00
    0.00000000e+00   0.00000000e+00   0.00000000e+00   0.00000000e+00
    0.00000000e+00   0.00000000e+00   0.00000000e+00   0.00000000e+00
    0.00000000e+00   0.00000000e+00   0.00000000e+00   0.00000000e+00
    0.00000000e+00   0.00000000e+00   0.00000000e+00   0.00000000e+00
    0.00000000e+00   0.00000000e+00   0.00000000e+00   0.00000000e+00
    0.00000000e+00]
 [  1.33056512e+00   2.99081676e-01  -2.22702675e+00  -6.56769495e-01
    7.09665242e-01  -3.06768555e+00  -1.26084676e+00  -3.55951697e-01
    2.88055284e+00   1.63534188e+00  -3.40807474e-01  -2.71266220e+00
    4.56051669e-01  -2.11853763e+00   2.38085928e+00   1.34874011e+00
   -1.17653047e+00   3.93471599e-01   1.75985986e+00  -2.01526214e+00
   -2.10614717e-01  -2.35244994e+00   7.09351362e-01   1.50609575e+00
   -1.06789694e+00  -3.07669910e+00   1.91766328e-01   2.37852609e+00
   -8.35841029e-01  -2.85450133e+00   2.39859834e+00   2.80991933e+00
   -9.64931420e-01   2.14281717e-01  -1.30228468e+00  -2.02663831e+00
    1.24151667e+00   2.55602899e+00  -1.73955194e-02  -4.20330860e-01
    2.39626263e+00  -2.59297206e+00   2.79130027e+00  -2.02897175e+00
   -6.12528330e-01  -2.83684530e+00  -1.54251031e+00  -2.44177263e+00
    6.29504443e-01   1.26442801e+00  -2.52084366e-01  -9.78722577e-01
    2.29235931e+00   4.37764468e-01  -2.43985247e+00   9.23094962e-01
    1.30893944e+00  -2.44410627e+00   1.13353806e+00   2.18367593e+00
   -1.39384589e+00   1.97381595e+00   1.67910603e+00   2.31461753e+00
    7.37817672e-02   1.48803003e+00   2.35906005e+00  -1.38954676e+00
   -1.37291672e+00   2.18134128e+00  -1.00675576e-01   1.44758157e+00
   -7.51644492e-01  -3.05164751e+00  -3.41445361e-01   3.02384982e+00
    2.73054046e+00  -3.22900153e-01   9.49337094e-01   2.49770795e+00
   -2.87394422e+00  -3.39193870e-01   2.98495072e-01  -8.06164116e-01
    1.66395062e+00   1.66161685e+00   3.02151743e+00   5.57990544e-01
    1.34855488e+00   1.60881832e+00   7.08642347e-01   7.27227223e-01
    1.99982881e+00   2.71173653e+00  -2.73529528e+00   2.43963962e-01
   -1.82384171e+00   7.10957761e-01   1.65325750e+00  -1.82617533e+00
    1.76976725e+00   1.09004273e-01   2.82004033e+00   2.66017794e+00
    1.15926866e+00   3.05015294e+00  -2.51892992e+00  -1.68514897e+00
    1.29393277e+00   2.70354771e+00  -7.73685083e-01   7.27272309e-01
   -3.85197561e-01  -9.49087226e-01   1.29159907e+00  -2.41291976e+00
    1.01108859e-01  -2.57321169e+00   2.20946595e+00   2.34180840e+00
   -2.52941150e+00   1.77763790e+00   6.65514663e-01  -1.64760186e+00
    2.57323384e+00   1.76267920e+00  -1.36274703e+00   1.15129865e+00
   -3.02356488e+00  -5.97594373e-01   2.81293323e+00   2.82774474e+00
    1.71262934e+00  -2.65987057e+00  -1.13247451e+00  -4.18696043e-01
    1.90794649e+00   2.31115524e+00   1.27970040e+00   2.51296303e+00
    2.20140281e+00  -2.71997575e+00  -8.22899553e-02   6.31504417e-01
    2.33227253e+00   2.95816395e+00   4.52545653e-01  -2.42002673e+00
   -2.40530369e+00  -2.92153085e+00   2.76447437e+00   1.50583766e+00
   -8.46234852e-02   2.10242356e+00  -4.29029928e-01  -1.66975581e+00
    9.65412683e-01   1.68162737e+00  -2.90081911e+00  -2.27480548e+00
    1.50251319e+00  -1.36980932e+00   6.21191017e-01  -1.87149487e+00
    2.55578243e+00  -2.46841853e+00  -3.13035055e+00   3.04151939e+00
    2.20330244e+00   2.20096840e+00  -3.05301977e-01  -2.19173409e+00
   -6.19416729e-01   7.44814076e-01  -3.03214096e+00  -1.22461742e+00
   -3.19584161e-01   1.67119113e+00  -2.67714838e+00  -2.08027664e+00
    4.90362910e-01   1.36653088e+00   2.91644225e+00  -3.04942733e-01
    3.30664749e-01]
 [  5.15367586e+03   5.15362574e+03   5.15371106e+03   5.15366294e+03
    5.15373689e+03   5.15371501e+03   5.15362743e+03   5.15357738e+03
    5.15368784e+03   5.15367732e+03   5.15373718e+03   5.15367959e+03
    5.15380630e+03   5.15360433e+03   5.15367427e+03   5.15362729e+03
    5.15371282e+03   5.15366498e+03   5.15373538e+03   5.15371212e+03
    5.15362801e+03   5.15368870e+03   5.15373915e+03   5.15380731e+03
    5.15360547e+03   5.15367153e+03   5.15354769e+03   5.15367426e+03
    5.15377842e+03   5.15367519e+03   5.15362805e+03   5.15373896e+03
    5.15371517e+03   5.15378049e+03   5.15368846e+03   5.15366792e+03
    5.15355078e+03   5.15381022e+03   5.15360566e+03   5.15375933e+03
    5.15362805e+03   5.15376484e+03   5.15372099e+03   5.15366792e+03
    5.15367846e+03   5.15362884e+03   5.15376507e+03   5.15371852e+03
    5.15375870e+03   5.15378033e+03   5.15368875e+03   5.15366941e+03
    5.15354833e+03   5.15367972e+03   5.15361733e+03   5.15371384e+03
    5.15366040e+03   5.15371851e+03   5.15356931e+03   5.15357043e+03
    5.15372072e+03   5.15371093e+03   5.15376004e+03   5.15377907e+03
    5.15366714e+03   5.15367816e+03   5.15366286e+03   5.15361760e+03
    5.15373965e+03   5.15357043e+03   5.15366678e+03   5.15370889e+03
    5.15367717e+03   5.15357145e+03   5.15371783e+03   5.15371258e+03
    5.15375747e+03   5.15373402e+03   5.15366797e+03   5.15370927e+03
    5.15366251e+03   5.15361799e+03   5.15367472e+03   5.15368939e+03
    5.15364048e+03   5.15364046e+03   5.15371258e+03   5.15376797e+03
    5.15367678e+03   5.15376741e+03   5.15372025e+03   5.15373742e+03
    5.15366595e+03   5.15364198e+03   5.15370692e+03   5.15368495e+03
    5.15365820e+03   5.15361636e+03   5.15367801e+03   5.15365820e+03
    5.15360654e+03   5.15370135e+03   5.15360455e+03   5.15376614e+03
    5.15369997e+03   5.15366516e+03   5.15363904e+03   5.15370681e+03
    5.15368935e+03   5.15367606e+03   5.15365702e+03   5.15373881e+03
    5.15355661e+03   5.15356871e+03   5.15368935e+03   5.15360503e+03
    5.15356773e+03   5.15376675e+03   5.15369958e+03   5.15368834e+03
    5.15367501e+03   5.15373584e+03   5.15355293e+03   5.15373990e+03
    5.15381091e+03   5.15358215e+03   5.15360315e+03   5.15356863e+03
    5.15369899e+03   5.15373859e+03   5.15358184e+03   5.15373640e+03
    5.15355555e+03   5.15380870e+03   5.15366636e+03   5.15363547e+03
    5.15362742e+03   5.15354954e+03   5.15378163e+03   5.15366274e+03
    5.15357010e+03   5.15366085e+03   5.15366553e+03   5.15363751e+03
    5.15377945e+03   5.15362751e+03   5.15373925e+03   5.15358202e+03
    5.15373515e+03   5.15354787e+03   5.15355398e+03   5.15367805e+03
    5.15366554e+03   5.15360243e+03   5.15367598e+03   5.15366093e+03
    5.15366653e+03   5.15363920e+03   5.15377946e+03   5.15362777e+03
    5.15374114e+03   5.15358072e+03   5.15367584e+03   5.15354679e+03
    5.15368014e+03   5.15355622e+03   5.15360251e+03   5.15371260e+03
    5.15371068e+03   5.15371068e+03   5.15373514e+03   5.15371089e+03
    5.15366184e+03   5.15373895e+03   5.15371312e+03   5.15362672e+03
    5.15357921e+03   5.15367801e+03   5.15367834e+03   5.15360258e+03
    5.15380900e+03   5.15367830e+03   5.15368646e+03   5.15373646e+03
    5.15362455e+03]
 [  4.44732811e-09   4.94449167e-09   4.03659671e-09   4.86663129e-09
    5.79881297e-09   4.20160359e-09   5.74738226e-09   5.19521640e-09
    5.75023952e-09   5.10164108e-09   4.50768776e-09   3.75729936e-09
    4.64912223e-09   4.39446876e-09   4.41375528e-09   4.83020120e-09
    3.99445210e-09   4.83377277e-09   5.62630579e-09   4.24803409e-09
    5.77166898e-09   5.63809199e-09   4.51018787e-09   4.62412118e-09
    4.37803951e-09   4.59340562e-09   4.89198949e-09   4.41375528e-09
    4.15053003e-09   4.37053919e-09   4.76341270e-09   5.52058710e-09
    4.26589198e-09   4.19588906e-09   5.66130724e-09   4.60304888e-09
    4.93591989e-09   4.58697678e-09   4.38268256e-09   4.42661296e-09
    4.76341270e-09   4.45232831e-09   4.61983529e-09   4.60304888e-09
    3.93980697e-09   4.74519766e-09   4.52375986e-09   4.63340729e-09
    4.36875340e-09   4.25910598e-09   5.67202198e-09   4.58840541e-09
    5.00056544e-09   4.02373903e-09   5.00235123e-09   4.10374237e-09
    4.25089135e-09   4.63340729e-09   5.12521349e-09   5.16378652e-09
    4.51697386e-09   4.24481967e-09   4.31696553e-09   4.22874757e-09
    4.65269380e-09   4.07945564e-09   4.06481217e-09   4.90556148e-09
    5.78988403e-09   5.16378652e-09   4.00909557e-09   3.84873174e-09
    4.48554398e-09   5.17521557e-09   4.61269214e-09   4.22053294e-09
    4.33375195e-09   6.00882172e-09   3.98159442e-09   3.78337188e-09
    4.07445543e-09   4.84805908e-09   4.60447751e-09   3.94302139e-09
    4.98806492e-09   4.98770776e-09   4.22053294e-09   4.48018662e-09
    4.59804867e-09   4.48340104e-09   4.50197324e-09   5.96989153e-09
    3.96587948e-09   4.91341895e-09   3.84837459e-09   4.00088094e-09
    4.09409911e-09   4.83234414e-09   4.84020161e-09   4.09409911e-09
    4.90949021e-09   4.16481634e-09   4.85663087e-09   4.56340437e-09
    4.10088510e-09   3.95445043e-09   4.98306471e-09   3.86194658e-09
    3.91552024e-09   4.77019870e-09   4.25374861e-09   4.37018204e-09
    3.83944564e-09   5.25486174e-09   3.91552024e-09   4.88413202e-09
    5.34450833e-09   4.55518974e-09   4.01659588e-09   3.85480343e-09
    4.76484133e-09   4.35339562e-09   3.79801535e-09   5.74273921e-09
    4.35732436e-09   5.05842499e-09   4.97270713e-09   5.38129558e-09
    4.03659671e-09   5.81238497e-09   4.92306221e-09   4.27732102e-09
    3.69229666e-09   4.40411202e-09   4.15267298e-09   5.22093176e-09
    5.71595238e-09   4.76769859e-09   4.01195283e-09   5.00520849e-09
    5.33022203e-09   4.96234956e-09   4.25053419e-09   5.25236164e-09
    4.05981196e-09   5.68273671e-09   5.82059959e-09   4.82055794e-09
    4.33268047e-09   4.80305721e-09   3.70086844e-09   3.89444793e-09
    4.25053419e-09   4.47518641e-09   4.95092051e-09   4.91163316e-09
    4.21731853e-09   5.24950438e-09   4.08874174e-09   5.61809116e-09
    5.76059709e-09   4.97877881e-09   5.02342353e-09   4.83805867e-09
    3.81230165e-09   3.66836709e-09   4.44411369e-09   4.04373987e-09
    4.30375070e-09   4.30375070e-09   5.76488299e-09   4.10231373e-09
    4.88770359e-09   5.72452416e-09   4.27696387e-09   5.76881172e-09
    5.07271130e-09   5.00770859e-09   3.83515975e-09   4.47090052e-09
    4.52911723e-09   4.32732311e-09   5.74309637e-09   4.52375986e-09
    4.94484883e-09]
 [  7.07657333e-03   1.07680634e-03   2.73579860e-03   2.85590207e-03
    1.70022580e-02   9.29741899e-03   1.81409215e-02   2.40200650e-02
    7.17508420e-03   6.11866533e-03   6.61876553e-03   4.98064817e-03
    8.61364196e-03   1.46790827e-03   7.07682397e-03   1.07736292e-03
    2.73569440e-03   2.85696553e-03   1.70019054e-02   9.29888920e-03
    1.81411012e-02   7.17460504e-03   6.61983772e-03   8.61385651e-03
    1.46835251e-03   1.18556313e-02   2.09817092e-03   7.07682513e-03
    9.33889893e-03   7.07634678e-03   1.07722904e-03   1.70007147e-02
    9.29864368e-03   9.34001384e-03   7.17469561e-03   1.18570002e-02
    2.09940260e-03   8.61324347e-03   1.46821537e-03   9.09663620e-04
    1.07722322e-03   5.77051309e-04   1.10677907e-02   1.18570077e-02
    4.98108065e-03   1.07682496e-03   5.77155268e-04   1.10690681e-02
    9.09296214e-04   9.34018358e-03   7.17476662e-03   1.18576135e-02
    2.09990423e-03   4.98169567e-03   3.02199612e-03   2.73641909e-03
    1.99409848e-02   1.10690688e-02   5.26254671e-03   5.26245451e-03
    1.10688617e-02   2.73638265e-03   9.09969443e-04   9.34009999e-03
    1.18563765e-02   4.98089567e-03   1.99407543e-02   3.02230194e-03
    1.70007864e-02   5.26245381e-03   3.54747009e-03   1.20058513e-02
    7.07680301e-03   5.26197907e-03   1.10676512e-02   2.73553212e-03
    9.10647446e-04   1.69989840e-02   3.54789011e-03   1.20061070e-02
    1.99409662e-02   3.02214653e-03   7.07554992e-03   9.90711770e-03
    9.79422801e-03   9.79423441e-03   2.73553457e-03   5.78457606e-04
    7.07622489e-03   5.78591600e-04   1.10687938e-02   1.70006937e-02
    3.54814867e-03   9.79398016e-03   1.20073482e-02   9.90481873e-03
    1.99425864e-02   3.02123011e-03   6.12163881e-03   1.99425811e-02
    1.71760545e-02   6.55387447e-03   1.71767379e-02   5.78723848e-04
    6.55347260e-03   3.54830094e-03   9.79554548e-03   1.20072835e-02
    9.90610477e-03   6.12249132e-03   1.99425918e-02   6.62149396e-03
    4.22179117e-04   5.26197592e-03   9.90610640e-03   1.71764694e-02
    5.26154565e-03   5.78391133e-04   6.55322627e-03   9.90666891e-03
    6.12307456e-03   6.62099791e-03   4.20239056e-04   4.63161245e-03
    8.61481857e-03   2.40225145e-02   1.71768864e-02   5.26189036e-03
    6.55359461e-03   4.63140104e-03   2.40223863e-02   6.62080012e-03
    4.20696917e-04   8.61601194e-03   3.54882726e-03   9.79608914e-03
    1.81407738e-02   2.10340088e-03   9.34136845e-03   2.86074763e-03
    5.26181445e-03   2.86173855e-03   3.54828872e-03   9.79714899e-03
    9.34141222e-03   1.81407087e-02   4.63174854e-03   2.40222075e-02
    6.62147824e-03   2.10416480e-03   4.21201112e-04   4.98219382e-03
    3.54829000e-03   1.46811688e-03   6.12360670e-03   2.86177220e-03
    3.54862201e-03   9.79745504e-03   9.34145914e-03   1.81405443e-02
    4.63227485e-03   2.40227486e-02   6.12355175e-03   2.10451067e-03
    4.98196599e-03   4.19995398e-04   1.46791467e-03   2.73706531e-03
    9.29804530e-03   9.29804437e-03   1.69976735e-02   2.73779314e-03
    2.86198885e-03   1.69995610e-02   9.29693773e-03   1.81406996e-02
    2.40220245e-02   6.12385047e-03   4.98290814e-03   1.46774307e-03
    8.61680252e-03   7.07678136e-03   7.17263634e-03   6.62120676e-03
    1.07674755e-03]
 [  6.32095853e-01   5.44738695e-01  -6.34922357e-01  -2.88082441e+00
    1.71076166e+00  -1.94755566e+00  -1.77654275e+00  -1.63179612e+00
   -1.66512470e+00   4.68662459e-01   8.16105712e-01   3.82809587e-01
   -2.28379723e-01  -2.57670504e+00   6.31981413e-01   5.45292516e-01
   -6.35264797e-01  -2.88087627e+00   1.71071880e+00  -1.94749024e+00
   -1.77655632e+00  -1.66512676e+00   8.16087983e-01  -2.28323693e-01
   -2.57712307e+00  -2.41665823e+00  -7.76478325e-02   6.31980901e-01
    4.58878344e-01   6.32002209e-01   5.45645379e-01   1.71080819e+00
   -1.94766716e+00   4.58869754e-01  -1.66511228e+00  -2.41653519e+00
   -7.71382147e-02  -2.28157513e-01  -2.57740348e+00   1.78347869e+00
    5.45647291e-01  -1.22920451e+00  -2.54958624e+00  -2.41653551e+00
    3.83020874e-01   5.45780069e-01  -1.22954118e+00  -2.54954532e+00
    1.78377167e+00   4.58836625e-01  -1.66513247e+00  -2.41660007e+00
   -7.77206331e-02   3.82901163e-01  -3.05047915e+00  -6.34581341e-01
   -1.55948658e+00  -2.54954532e+00   6.12334211e-01   6.12445357e-01
   -2.54965225e+00  -6.35147573e-01   1.78429675e+00   4.58762198e-01
   -2.41658618e+00   3.82810551e-01  -1.55942230e+00  -3.05056598e+00
    1.71075668e+00   6.12446161e-01   1.70512897e+00  -1.83969809e+00
    6.31836567e-01   6.12497976e-01  -2.54956644e+00  -6.35025244e-01
    1.78298974e+00   1.71089334e+00   1.70529775e+00  -1.83967090e+00
   -1.55941832e+00  -3.05070183e+00   6.31876788e-01   1.08451115e+00
    6.19001741e-01   6.19001869e-01  -6.35026608e-01  -1.22979327e+00
    6.31997571e-01  -1.23049825e+00  -2.54950033e+00   1.71091969e+00
    1.70498662e+00   6.19085938e-01  -1.83969754e+00   1.08455148e+00
   -1.55933532e+00  -3.05063529e+00   4.68662613e-01  -1.55933544e+00
   -1.94657004e+00   9.11903804e-01  -1.94661833e+00  -1.23173329e+00
    9.11800553e-01   1.70484435e+00   6.19105199e-01  -1.83968842e+00
    1.08475203e+00   4.68553241e-01  -1.55930295e+00   8.15837221e-01
    9.13490985e-01   6.12769485e-01   1.08475203e+00  -1.94661721e+00
    6.12824546e-01  -1.23140444e+00   9.11765482e-01   1.08470940e+00
    4.68509031e-01   8.15612731e-01   9.13027364e-01   1.69416785e+00
   -2.27959476e-01  -1.63167498e+00  -1.94656411e+00   6.12886323e-01
    9.11772346e-01   1.69431060e+00  -1.63168903e+00   8.15647131e-01
    9.16160980e-01  -2.27943867e-01   1.70465192e+00   6.19285817e-01
   -1.77655810e+00  -7.81421159e-02   4.58724637e-01  -2.88203159e+00
    6.13033331e-01  -2.88208655e+00   1.70465067e+00   6.19294101e-01
    4.58598838e-01  -1.77655829e+00   1.69432102e+00  -1.63167447e+00
    8.15651760e-01  -7.83818077e-02   9.14563643e-01   3.82860858e-01
    1.70465047e+00  -2.57863063e+00   4.68491454e-01  -2.88211456e+00
    1.70479862e+00   6.19379528e-01   4.58617948e-01  -1.77655643e+00
    1.69450315e+00  -1.63165235e+00   4.68453148e-01  -7.81575907e-02
    3.83088624e-01   9.14518230e-01  -2.57881737e+00  -6.34952506e-01
   -1.94769045e+00  -1.94769016e+00   1.71101455e+00  -6.34730295e-01
   -2.88226262e+00   1.71104929e+00  -1.94761047e+00  -1.77652744e+00
   -1.63163534e+00   4.68636033e-01   3.83007056e-01  -2.57866745e+00
   -2.27881650e-01   6.31911335e-01  -1.66520732e+00   8.15574231e-01
    5.49332966e-01]
 [  1.64285302e-06  -1.57579780e-06  -3.94880772e-06  -1.72108412e-06
    3.25962901e-07   2.50712037e-06  -1.05425715e-06   2.25380063e-06
   -1.71922147e-06   5.39235771e-06  -3.64705920e-06  -3.81469727e-06
    4.98816371e-06   1.80862844e-06   1.91293657e-06  -1.59069896e-06
   -3.61725688e-06  -1.63167715e-06   4.19095159e-07   2.56299973e-06
   -1.42864883e-06  -1.56834722e-06  -3.13855708e-06   5.44264913e-06
    1.47707760e-06   1.58511102e-06  -3.75509262e-06   1.91293657e-06
   -3.94880772e-06   2.07498670e-06  -1.54040754e-06   1.43423676e-06
    2.20537186e-06  -3.60049307e-06  -1.24983490e-06   1.34296715e-06
   -2.93180346e-06   5.15766442e-06   1.16787851e-06   1.45286322e-06
   -1.54040754e-06   1.67079270e-06   5.64754009e-06   1.34296715e-06
   -3.70480120e-06  -1.44913793e-06   1.74716115e-06   4.99188900e-06
    1.48825347e-06  -3.27453017e-06  -1.29081309e-06   1.51246786e-06
   -2.65613198e-06  -3.72529030e-06   5.26010990e-06  -3.89106572e-06
   -4.36976552e-06   4.99188900e-06  -1.09337270e-06  -1.57393515e-06
    4.87081707e-06  -4.13693488e-06   1.21071935e-06  -3.24659050e-06
    1.03563070e-06  -4.03821468e-06  -3.87988985e-06   4.88199294e-06
    1.23865902e-06  -1.57393515e-06   2.40467489e-06  -3.75322998e-06
    1.46217644e-06  -1.48639083e-06   5.18187881e-06  -4.48152423e-06
    7.82310963e-07   1.15483999e-07   2.13459134e-06  -3.87243927e-06
   -3.74391675e-06   5.06639481e-06   1.27777457e-06  -2.64681876e-06
    9.36910510e-07   9.36910510e-07  -4.48152423e-06   1.56275928e-06
    1.32992864e-06   1.35414302e-06   5.55999577e-06  -4.61935997e-07
    1.87009573e-06   4.52622771e-07  -4.23565507e-06  -3.58000398e-06
   -2.39722431e-06   5.13531268e-06   5.35696745e-06  -2.39722431e-06
    9.31322575e-07  -3.09012830e-06   9.42498446e-07   1.21816993e-06
   -2.93739140e-06   1.68755651e-06  -8.75443220e-08  -4.04007733e-06
   -4.36976552e-06   5.57117164e-06  -2.70083547e-06  -2.65426934e-06
   -3.40119004e-06  -9.81613994e-07  -4.36790287e-06   1.05611980e-06
   -9.14558768e-07   1.19023025e-06  -2.67662108e-06  -4.65475023e-06
    5.50039113e-06  -2.07126141e-06  -4.33623791e-06  -3.91155481e-07
    5.23775816e-06   6.57513738e-07   1.80676579e-06  -7.15255737e-07
   -2.68593431e-06  -6.27711415e-07   8.17701221e-07  -2.02655792e-06
   -4.54671681e-06   5.27501106e-06   2.04518437e-06   3.46451998e-07
   -1.34482980e-06  -1.97440386e-06  -2.67289579e-06  -7.09667802e-07
   -1.17719173e-06  -8.32602382e-07   2.20723450e-06   9.89064574e-07
   -2.51270831e-06  -1.03563070e-06  -7.24568963e-07   1.18277967e-06
   -2.11596489e-06  -1.60001218e-06  -4.50387597e-06  -4.47779894e-06
    2.20723450e-06   8.08387995e-07   5.47803938e-06  -1.01327896e-06
    1.85519457e-06   6.94766641e-07  -2.56486237e-06  -8.73580575e-07
   -1.10827386e-06   2.12714076e-06   5.62891364e-06  -1.77882612e-06
   -4.82797623e-06  -3.99723649e-06   1.04680657e-06  -4.76650894e-06
    1.23120844e-06   1.23120844e-06  -6.79865479e-07  -4.77954745e-06
   -1.04308128e-06  -1.28895044e-06   1.77137554e-06  -3.01748514e-07
    1.39325857e-06   5.43147326e-06  -4.81307507e-06   1.21071935e-06
    5.32343984e-06   6.85453415e-07  -9.53674316e-07  -2.30781734e-06
   -8.79168510e-07]
 [  7.80075788e-06   5.72204590e-06   1.16899610e-05   5.83752990e-06
    1.02501363e-05   1.20084733e-05   5.20236790e-06   7.83242285e-06
    4.92297113e-06   5.37186861e-06   3.10875475e-06   1.18315220e-05
    4.54671681e-06   1.16880983e-05   7.88643956e-06   5.69596887e-06
    1.17477030e-05   5.53764403e-06   1.00415200e-05   1.13975257e-05
    5.36441803e-06   4.74788249e-06   3.09757888e-06   4.57838178e-06
    1.15260482e-05   1.21258199e-05   2.79024243e-06   7.88643956e-06
    3.92645597e-06   7.72811472e-06   5.67920506e-06   1.00657344e-05
    1.13453716e-05   3.50177288e-06   5.02914190e-06   1.10585243e-05
    2.52388418e-06   5.30853868e-06   1.15483999e-05   1.16992742e-05
    5.67920506e-06   8.04848969e-06   5.15766442e-06   1.10585243e-05
    1.11237168e-05   5.56930900e-06   7.87898898e-06   5.00120223e-06
    1.12354755e-05   3.51481140e-06   5.06266952e-06   1.06841326e-05
    2.27615237e-06   1.04773790e-05   4.82611358e-06   1.03842467e-05
    3.93763185e-06   5.00120223e-06   5.54509461e-06   5.62332571e-06
    4.95649874e-06   1.01998448e-05   1.11982226e-05   3.36393714e-06
    1.10995024e-05   1.04568899e-05   3.08640301e-06   4.67710197e-06
    9.90368426e-06   5.62332571e-06   1.13565475e-05   1.13695860e-05
    7.70017505e-06   5.28246164e-06   5.76674938e-06   1.04401261e-05
    1.12801790e-05   9.92976129e-06   1.11982226e-05   1.08126551e-05
    2.86661088e-06   4.93042171e-06   7.86222517e-06   1.08797103e-05
    1.12764537e-05   1.12764537e-05   1.04401261e-05   8.10064375e-06
    8.39121640e-06   8.12858343e-06   6.14672899e-06   1.04606152e-05
    1.15204602e-05   1.09840184e-05   1.05444342e-05   1.07139349e-05
    2.91690230e-06   5.39235771e-06   5.84870577e-06   2.91690230e-06
    8.38935375e-06   3.55020165e-06   8.34465027e-06   8.28690827e-06
    2.96160579e-06   1.16731972e-05   1.10007823e-05   1.06114894e-05
    1.12019479e-05   6.29760325e-06   3.75322998e-06   2.87033617e-06
    1.08517706e-05   5.05708158e-06   1.12019479e-05   8.42288136e-06
    5.13158739e-06   8.54395330e-06   2.84798443e-06   1.12690032e-05
    6.63101673e-06   2.46800482e-06   1.03265047e-05   4.79444861e-06
    5.89899719e-06   8.26828182e-06   8.53650272e-06   5.47245145e-06
    2.73808837e-06   4.99933958e-06   8.35023820e-06   2.36742198e-06
    1.03451312e-05   6.31622970e-06   1.12205744e-05   1.04494393e-05
    4.83542681e-06   2.04704702e-06   3.22051346e-06   5.28432429e-06
    5.55813313e-06   5.75743616e-06   1.10436231e-05   1.03618950e-05
    3.05660069e-06   4.72553074e-06   5.18560410e-06   8.13417137e-06
    2.38791108e-06   2.19792128e-06   1.07102096e-05   9.64663923e-06
    1.10436231e-05   1.10510737e-05   6.15417957e-06   5.63077629e-06
    1.09653920e-05   1.08852983e-05   2.86661088e-06   4.58769500e-06
    4.88385558e-06   8.72649252e-06   5.86733222e-06   2.16811895e-06
    9.80496407e-06   1.09020621e-05   1.10380352e-05   9.56468284e-06
    1.14720315e-05   1.14720315e-05   9.93348658e-06   9.99309123e-06
    5.59724867e-06   1.03674829e-05   1.12634152e-05   5.09619713e-06
    8.88109207e-06   6.42798841e-06   1.02110207e-05   1.08964741e-05
    5.77419996e-06   8.79168510e-06   4.93042171e-06   2.48476863e-06
    5.61773777e-06]
 [  2.32937500e+02   2.72843750e+02   1.58125000e+02   2.65125000e+02
    1.55062500e+02   1.45812500e+02   2.60437500e+02   2.25531250e+02
    2.66281250e+02   2.66218750e+02   3.24937500e+02   1.58312500e+02
    2.91781250e+02   1.52687500e+02   2.31156250e+02   2.67531250e+02
    1.57593750e+02   2.72500000e+02   1.50000000e+02   1.58187500e+02
    2.62093750e+02   2.62468750e+02   3.26093750e+02   2.90625000e+02
    1.56750000e+02   1.38937500e+02   3.22218750e+02   2.31156250e+02
    3.17125000e+02   2.34125000e+02   2.68093750e+02   1.49375000e+02
    1.64562500e+02   3.23375000e+02   2.62406250e+02   1.54593750e+02
    3.25593750e+02   2.80156250e+02   1.57625000e+02   1.52437500e+02
    2.68093750e+02   2.31281250e+02   2.83062500e+02   1.54593750e+02
    1.74625000e+02   2.70937500e+02   2.32968750e+02   2.86031250e+02
    1.57125000e+02   3.27218750e+02   2.63406250e+02   1.62875000e+02
    3.33687500e+02   1.83000000e+02   2.84281250e+02   1.81531250e+02
    3.22406250e+02   2.86031250e+02   2.67156250e+02   2.67062500e+02
    2.79718750e+02   1.84500000e+02   1.59343750e+02   3.31687500e+02
    1.58656250e+02   1.85875000e+02   3.31125000e+02   2.80593750e+02
    1.59750000e+02   2.67062500e+02   1.65812500e+02   1.75781250e+02
    2.35625000e+02   2.70906250e+02   2.68250000e+02   1.81187500e+02
    1.58187500e+02   1.59937500e+02   1.68875000e+02   1.78750000e+02
    3.33125000e+02   2.74875000e+02   2.29375000e+02   1.82000000e+02
    1.49218750e+02   1.49218750e+02   1.81187500e+02   2.28750000e+02
    2.21562500e+02   2.25406250e+02   2.60781250e+02   1.51218750e+02
    1.61625000e+02   1.51500000e+02   1.83500000e+02   1.86312500e+02
    3.32437500e+02   2.66718750e+02   2.56812500e+02   3.32437500e+02
    2.13125000e+02   3.30375000e+02   2.06843750e+02   2.22593750e+02
    3.35718750e+02   1.59343750e+02   1.50437500e+02   1.81843750e+02
    1.76968750e+02   2.48843750e+02   3.27500000e+02   3.32750000e+02
    1.87093750e+02   2.74281250e+02   1.76968750e+02   2.05312500e+02
    2.70500000e+02   2.18781250e+02   3.38687500e+02   1.70406250e+02
    2.42781250e+02   3.38875000e+02   1.93218750e+02   2.69031250e+02
    2.71843750e+02   2.09656250e+02   2.05781250e+02   2.67343750e+02
    3.39843750e+02   2.65718750e+02   2.04625000e+02   3.41187500e+02
    1.89218750e+02   2.63093750e+02   1.64593750e+02   1.59781250e+02
    2.67437500e+02   3.38937500e+02   3.33937500e+02   2.78250000e+02
    2.66562500e+02   2.71250000e+02   1.70218750e+02   1.61156250e+02
    3.38781250e+02   2.66906250e+02   2.63437500e+02   2.02156250e+02
    3.41968750e+02   3.37093750e+02   1.83062500e+02   2.02000000e+02
    1.70218750e+02   1.64812500e+02   2.51125000e+02   2.70250000e+02
    1.73218750e+02   1.55843750e+02   3.39812500e+02   2.65437500e+02
    2.68000000e+02   2.02562500e+02   2.53906250e+02   3.37750000e+02
    1.98531250e+02   1.80531250e+02   1.64625000e+02   1.98812500e+02
    1.56718750e+02   1.56718750e+02   1.61875000e+02   1.91218750e+02
    2.69906250e+02   1.53156250e+02   1.60312500e+02   2.63375000e+02
    2.05125000e+02   2.46125000e+02   1.89781250e+02   1.67843750e+02
    2.68000000e+02   2.13937500e+02   2.65906250e+02   3.36968750e+02
    2.74843750e+02]
 [  3.20625000e+01  -2.96562500e+01  -7.75000000e+01  -3.35000000e+01
    7.87500000e+00   4.95312500e+01  -2.90312500e+01   4.10000000e+01
   -2.96250000e+01   1.01718750e+02  -6.94687500e+01  -7.43437500e+01
    9.73750000e+01   3.45312500e+01   3.79375000e+01  -2.73437500e+01
   -7.06250000e+01  -3.16562500e+01   1.16562500e+01   4.98750000e+01
   -2.72500000e+01  -2.92187500e+01  -6.08750000e+01   1.01000000e+02
    2.75312500e+01   3.36875000e+01  -7.00312500e+01   3.79375000e+01
   -7.63125000e+01   4.02187500e+01  -3.01250000e+01   2.59062500e+01
    3.87812500e+01  -7.02812500e+01  -2.79375000e+01   3.25312500e+01
   -5.89375000e+01   9.70937500e+01   2.12500000e+01   3.25937500e+01
   -3.01250000e+01   3.24375000e+01   1.10593750e+02   3.25312500e+01
   -6.84375000e+01  -2.89375000e+01   3.47812500e+01   1.00687500e+02
    3.04375000e+01  -6.68437500e+01  -2.70000000e+01   2.65000000e+01
   -5.30625000e+01  -7.24687500e+01   1.02218750e+02  -7.19375000e+01
   -7.68125000e+01   1.00687500e+02  -2.44687500e+01  -2.86250000e+01
    9.39687500e+01  -8.28125000e+01   2.26250000e+01  -6.28750000e+01
    1.71562500e+01  -8.04062500e+01  -7.30000000e+01   9.78437500e+01
    2.08125000e+01  -2.86250000e+01   4.80000000e+01  -6.95625000e+01
    2.90000000e+01  -2.79687500e+01   9.58125000e+01  -8.93750000e+01
    1.27187500e+01   2.81250000e-01   4.15312500e+01  -7.43437500e+01
   -7.20625000e+01   9.62187500e+01   2.23750000e+01  -5.37500000e+01
    1.73750000e+01   1.73750000e+01  -8.93750000e+01   2.99687500e+01
    2.29062500e+01   2.61562500e+01   1.04687500e+02  -8.68750000e+00
    3.55000000e+01   1.05625000e+01  -8.26875000e+01  -7.00312500e+01
   -5.53125000e+01   9.76250000e+01   1.03625000e+02  -5.53125000e+01
    2.35312500e+01  -5.73750000e+01   1.89687500e+01   2.05312500e+01
   -5.30937500e+01   3.03125000e+01  -6.87500000e-01  -8.19375000e+01
   -8.54687500e+01   1.07156250e+02  -5.49062500e+01  -4.74062500e+01
   -6.62187500e+01  -1.91562500e+01  -8.54687500e+01   2.04375000e+01
   -1.92187500e+01   2.10937500e+01  -4.99062500e+01  -8.95000000e+01
    1.05750000e+02  -3.80625000e+01  -7.87812500e+01  -1.00625000e+01
    1.00343750e+02   1.89687500e+01   2.78750000e+01  -1.79062500e+01
   -5.34062500e+01  -1.38437500e+01   1.90312500e+01  -3.82187500e+01
   -8.80625000e+01   1.02375000e+02   4.05000000e+01   6.87500000e+00
   -1.95312500e+01  -3.80000000e+01  -5.39062500e+01  -1.53125000e+01
   -2.33437500e+01  -1.67187500e+01   4.05937500e+01   1.42187500e+01
   -4.62812500e+01  -1.90312500e+01  -1.51562500e+01   2.40937500e+01
   -4.33750000e+01  -3.10000000e+01  -8.79062500e+01  -8.54375000e+01
    4.05937500e+01   1.52500000e+01   1.08125000e+02  -1.72812500e+01
    3.51562500e+01   1.10312500e+01  -4.88750000e+01  -1.82187500e+01
   -2.04375000e+01   3.12500000e+01   1.06093750e+02  -3.54062500e+01
   -9.40625000e+01  -7.93125000e+01   2.03125000e+01  -9.28125000e+01
    2.55625000e+01   2.55625000e+01  -1.19375000e+01  -9.35937500e+01
   -2.06250000e+01  -2.30000000e+01   3.51250000e+01  -1.46250000e+01
    2.50312500e+01   1.02531250e+02  -9.40937500e+01   2.29062500e+01
    1.03875000e+02   1.34062500e+01  -1.46250000e+01  -4.41250000e+01
   -1.60312500e+01]
 [  9.68568010e-01   9.60105180e-01   9.68220781e-01   9.60237773e-01
    9.02633655e-01   9.62120110e-01   9.25862344e-01   9.41031119e-01
    9.23961581e-01   9.43715076e-01   9.75989277e-01   9.76372564e-01
    9.65325589e-01   9.58116230e-01   9.68572153e-01   9.60103217e-01
    9.68220705e-01   9.60235586e-01   9.02639144e-01   9.62119381e-01
    9.25859840e-01   9.23960047e-01   9.75986575e-01   9.65327568e-01
    9.58114826e-01   9.44511582e-01   9.57653416e-01   9.68572148e-01
    9.88694223e-01   9.68576323e-01   9.60101164e-01   9.02642586e-01
    9.62117512e-01   9.88691151e-01   9.23957687e-01   9.44510391e-01
    9.57650873e-01   9.65329401e-01   9.58113297e-01   9.53664682e-01
    9.60101176e-01   9.68332601e-01   9.60626075e-01   9.44510399e-01
    9.76371435e-01   9.60099129e-01   9.68335443e-01   9.60628994e-01
    9.53663112e-01   9.88688490e-01   9.23955804e-01   9.44508763e-01
    9.57649295e-01   9.76370243e-01   9.46294904e-01   9.68219195e-01
    9.87517775e-01   9.60628978e-01   9.47013062e-01   9.47010498e-01
    9.60632233e-01   9.68218246e-01   9.53661564e-01   9.88687211e-01
    9.44506706e-01   9.76369409e-01   9.87517965e-01   9.46297693e-01
    9.02645684e-01   9.47010507e-01   9.69579124e-01   9.81525486e-01
    9.68582287e-01   9.47008020e-01   9.60634122e-01   9.68218000e-01
    9.53659984e-01   9.02647832e-01   9.69577835e-01   9.81526766e-01
    9.87516198e-01   9.46300235e-01   9.68584657e-01   9.78872525e-01
    9.29234788e-01   9.29234779e-01   9.68218006e-01   9.68341567e-01
    9.68587426e-01   9.68344913e-01   9.60636739e-01   9.02650923e-01
    9.69576954e-01   9.29232695e-01   9.81526868e-01   9.78872927e-01
    9.87515124e-01   9.46302952e-01   9.43730671e-01   9.87515143e-01
    9.47614708e-01   9.88214169e-01   9.47619427e-01   9.68348014e-01
    9.88212872e-01   9.69575328e-01   9.29230026e-01   9.81527349e-01
    9.78873133e-01   9.43733253e-01   9.87511992e-01   9.75979377e-01
    9.82705424e-01   9.47003685e-01   9.78873136e-01   9.47623374e-01
    9.47001378e-01   9.68352018e-01   9.88212206e-01   9.78874742e-01
    9.43735563e-01   9.75978361e-01   9.82706158e-01   9.27205288e-01
    9.65344928e-01   9.41060323e-01   9.47627124e-01   9.46999368e-01
    9.88211415e-01   9.27203993e-01   9.41065126e-01   9.75978012e-01
    9.82706498e-01   9.65346334e-01   9.69568914e-01   9.29222782e-01
    9.25846361e-01   9.57644157e-01   9.88681238e-01   9.60217810e-01
    9.46998220e-01   9.60217210e-01   9.69566230e-01   9.29219062e-01
    9.88679608e-01   9.25845897e-01   9.27203238e-01   9.41069630e-01
    9.75977157e-01   9.57642937e-01   9.82706795e-01   9.76369998e-01
    9.69566219e-01   9.58093441e-01   9.43737862e-01   9.60216360e-01
    9.69564679e-01   9.29215741e-01   9.88678097e-01   9.25845527e-01
    9.27202989e-01   9.41071865e-01   9.43738693e-01   9.57641805e-01
    9.76369653e-01   9.82706959e-01   9.58090944e-01   9.68218203e-01
    9.62099576e-01   9.62099584e-01   9.02668384e-01   9.68217206e-01
    9.60215347e-01   9.02671144e-01   9.62097307e-01   9.25843330e-01
    9.41075122e-01   9.43739608e-01   9.76369287e-01   9.58088344e-01
    9.65350961e-01   9.68611420e-01   9.23943062e-01   9.75972923e-01
    9.60082679e-01]
 [  4.80019995e-10  -2.54296307e-10  -1.14290475e-11  -2.82511768e-10
    4.40375486e-10  -1.76793078e-10  -2.53939149e-10   6.57884546e-10
   -2.42152944e-10   2.44295890e-10  -3.78944356e-10   8.92894335e-12
    2.58582200e-10  -2.17866218e-10   5.46808491e-10  -2.93940815e-10
   -3.07155651e-11  -2.84654714e-10   4.71805367e-10  -7.03600736e-11
   -1.81078971e-10  -1.96436754e-10  -3.53228999e-10   1.65721189e-10
   -1.90007915e-10  -2.24652215e-10  -3.47157318e-10   5.46808491e-10
   -3.65372362e-10   5.33236497e-10  -2.87154818e-10   3.51443210e-10
   -1.29291100e-10  -3.72515517e-10  -2.39652840e-10  -7.10743891e-11
   -3.04298390e-10   3.27156485e-10  -1.82507602e-10  -2.23580742e-10
   -2.87154818e-10   4.63233581e-10   4.01445293e-10  -7.07172314e-11
   -1.35719939e-10  -2.88583449e-10   4.43947064e-10   4.46447168e-10
   -2.16080429e-10  -3.45728687e-10  -2.30723896e-10  -2.01794120e-10
   -1.48220460e-10  -1.20362156e-10   3.92159192e-10  -1.29648258e-10
   -2.33581158e-10   4.46447168e-10  -3.56800576e-10  -3.60014996e-10
    4.32518016e-10  -9.75040614e-11  -2.18937691e-10  -1.76793078e-10
   -2.24652215e-10  -8.85751181e-11  -3.21441961e-10   3.76444252e-10
    3.21799119e-10  -3.60014996e-10  -1.61435296e-10  -5.00020828e-12
    3.55014788e-10  -3.50371737e-10   3.63229416e-10  -2.85726187e-12
   -3.02512601e-10   4.50375903e-10  -1.82507602e-10  -1.78578867e-11
   -9.25038532e-11   3.55014788e-10   3.57872050e-10   6.67884963e-11
   -4.22160442e-10  -4.22160442e-10  -2.85726187e-12   4.12160025e-10
    4.41446959e-10   4.25374861e-10   2.50367572e-10   4.32518016e-10
   -1.98222542e-10  -3.70015413e-10   1.05718689e-10   4.71448209e-11
   -1.23933734e-10   3.33228166e-10   2.39295682e-10  -1.23933734e-10
    4.86448834e-10  -1.62506769e-10   4.45018537e-10   4.86805992e-10
   -1.87507810e-10  -3.18941857e-10  -3.40728478e-10   6.82171272e-11
    3.53586157e-11   3.04655547e-10  -4.50018745e-11  -1.81436129e-10
    1.07861636e-10  -2.78225875e-10   3.57157734e-11   6.93957478e-10
   -2.78225875e-10   5.82524264e-10  -1.33219835e-10   8.28605943e-11
    3.02155443e-10  -1.28219627e-10   7.85747015e-11  -1.45720356e-10
    1.81436129e-10   5.80024160e-10   5.77166898e-10  -2.71082720e-10
   -1.50363406e-10  -1.02504270e-10   4.79662837e-10  -1.16076264e-10
    4.00016662e-11   2.00722647e-10  -3.97159400e-10  -5.12878506e-10
   -1.17504895e-10  -1.43577409e-10  -2.92155027e-10  -1.31434046e-10
   -1.64649715e-10  -1.26433838e-10  -2.93226500e-10  -5.32522182e-10
   -2.28938108e-10  -1.59649507e-10  -1.07861636e-10   7.21815781e-10
   -1.35719939e-10  -1.51077722e-10   3.46443002e-11  -7.82175438e-11
   -2.93226500e-10  -3.92516350e-10   1.20004999e-10  -1.02147112e-10
   -2.01079804e-10  -3.90730561e-10  -2.14294641e-10   1.39291516e-11
   -7.78603861e-11   5.65380693e-10   1.02504270e-10  -1.56435088e-10
   -6.10739725e-11  -2.39295682e-11  -3.77158567e-10  -8.92894335e-11
   -3.25013538e-10  -3.25013538e-10   4.94306304e-10  -9.17895377e-11
   -1.41434463e-10   3.46085844e-10  -2.81440295e-10  -1.10361740e-10
    6.33954978e-10   1.77507394e-10  -7.82175438e-11  -3.03226916e-10
    1.93579492e-10   4.62519266e-10  -8.39320675e-11  -2.74297140e-10
   -1.01432797e-10]
 [ -3.35276127e-08   3.72529030e-08  -2.23517418e-08   5.02914190e-08
   -1.63912773e-07   1.58324838e-07  -9.31322575e-09  -3.42726707e-07
    1.02445483e-07  -8.56816769e-08  -1.11758709e-08  -2.98023224e-08
    1.65775418e-07   7.63684511e-08  -6.51925802e-08  -5.58793545e-09
   -5.40167093e-08   1.30385160e-08   3.27825546e-07   1.62050128e-07
   -2.23517418e-07   9.49949026e-08   2.23517418e-08   7.63684511e-08
    3.91155481e-08  -3.72529030e-09   1.86264515e-09  -6.51925802e-08
    1.54599547e-07  -5.58793545e-09  -9.31322575e-09   1.88127160e-07
   -3.53902578e-08   4.28408384e-08  -3.91155481e-08   1.58324838e-07
    7.63684511e-08  -1.41561031e-07   3.72529030e-09   2.23517418e-08
   -9.31322575e-09   8.75443220e-08  -3.35276127e-08   1.58324838e-07
    8.19563866e-08  -5.58793545e-09   1.67638063e-08   7.26431608e-08
    1.86264515e-08   3.35276127e-08  -1.17346644e-07   2.60770321e-07
   -3.72529030e-09   4.47034836e-08   9.31322575e-09   3.72529030e-08
   -2.10478902e-07   7.26431608e-08  -9.31322575e-08  -6.89178705e-08
    1.86264515e-07   7.82310963e-08   2.79396772e-08  -1.91852450e-07
    3.53902578e-08   9.31322575e-09   2.25380063e-07   1.86264515e-09
   -2.51457095e-07  -6.89178705e-08  -2.79396772e-08  -2.42143869e-07
    9.87201929e-08  -2.60770321e-08   8.19563866e-08   1.86264515e-09
   -9.49949026e-08  -1.95577741e-07   1.86264515e-09   8.19563866e-08
    3.31550837e-07   3.16649675e-08   3.35276127e-08  -4.09781933e-08
   -1.47148967e-07  -1.47148967e-07   1.86264515e-09  -5.58793545e-08
   -1.67638063e-08   3.72529030e-09  -1.11758709e-07  -2.38418579e-07
    1.02445483e-07  -5.02914190e-08   2.03028321e-07  -1.26659870e-07
    2.66358256e-07   4.09781933e-08  -7.82310963e-08   2.66358256e-07
   -2.32830644e-07  -5.58793545e-09   1.22934580e-07   1.00582838e-07
   -4.84287739e-08  -6.14672899e-08   1.30385160e-08   2.38418579e-07
   -1.93715096e-07  -6.14672899e-08  -2.75671482e-07  -2.60770321e-08
    1.49011612e-08   9.12696123e-08  -1.93715096e-07   2.84984708e-07
    1.30385160e-08   5.58793545e-09  -3.72529030e-08   3.16649675e-08
   -1.30385160e-08  -1.13621354e-07  -2.42143869e-08  -3.35276127e-08
   -8.19563866e-08   2.08616257e-07   2.77534127e-07  -3.72529030e-09
   -1.86264515e-09  -5.58793545e-08   3.52039933e-07  -3.72529030e-09
    2.98023224e-08  -1.28522515e-07  -8.19563866e-08   6.33299351e-08
    9.87201929e-08   1.86264515e-08  -5.40167093e-08  -1.13621354e-07
   -1.34110451e-07  -2.79396772e-08   5.77419996e-08   7.45058060e-09
   -1.24797225e-07   2.30967999e-07  -5.21540642e-08   3.11061740e-07
   -2.98023224e-08  -1.67638063e-08   3.35276127e-08  -3.72529030e-08
    5.77419996e-08  -7.63684511e-08   8.75443220e-08   9.31322575e-09
   -6.89178705e-08  -2.03028321e-07  -7.07805157e-08   2.34693289e-07
    1.30385160e-08  -4.09781933e-08   2.79396772e-08  -5.40167093e-08
   -1.11758709e-08  -4.47034836e-08  -3.72529030e-09   7.07805157e-08
    5.58793545e-08   5.58793545e-08  -2.75671482e-07  -1.67638063e-08
    5.96046448e-08  -1.78813934e-07   1.80676579e-07  -2.98023224e-08
   -3.70666385e-07  -9.68575478e-08  -2.42143869e-08   8.75443220e-08
    1.63912773e-07  -4.09781933e-08   1.02445483e-07   1.11758709e-08
    2.79396772e-08]
 [  7.63684511e-08   4.84287739e-08   1.67638063e-08   2.23517418e-08
   -1.60187483e-07  -1.47148967e-07   4.78699803e-07   2.75671482e-07
   -2.42143869e-08   1.78813934e-07   6.89178705e-08  -1.49011612e-08
   -4.65661287e-08  -2.23517418e-08  -6.33299351e-08   1.86264515e-08
    3.16649675e-08   3.35276127e-08  -2.34693289e-07   2.42143869e-08
    1.69500709e-07   3.91155481e-08   5.58793545e-08   1.09896064e-07
    4.65661287e-08  -2.03028321e-07  -2.04890966e-08  -6.33299351e-08
    3.16649675e-08  -1.67638063e-08   1.86264515e-09   2.60770321e-08
    2.32830644e-07   6.70552254e-08   1.84401870e-07  -8.00937414e-08
   -6.14672899e-08   1.99303031e-07   2.04890966e-08  -3.72529030e-09
    1.86264515e-09  -1.86264515e-08  -1.56462193e-07  -8.00937414e-08
    8.00937414e-08   5.58793545e-09   5.21540642e-08  -1.41561031e-07
    3.72529030e-09   1.30385160e-07   8.00937414e-08   1.93715096e-07
    1.11758709e-07   3.91155481e-08  -3.72529030e-09   5.58793545e-09
   -4.95463610e-07  -1.41561031e-07   1.67638063e-08  -4.28408384e-08
   -8.38190317e-08  -2.23517418e-08   1.67638063e-08  -2.42143869e-08
    2.58907676e-07   1.06170774e-07  -1.62050128e-07  -2.42143869e-08
    3.50177288e-07  -4.28408384e-08  -2.42143869e-08  -2.06753612e-07
    7.82310963e-08  -7.63684511e-08   1.39698386e-07   7.82310963e-08
    5.21540642e-08   9.31322575e-09  -4.28408384e-08  -1.54599547e-07
    1.35973096e-07   0.00000000e+00   5.77419996e-08   1.84401870e-07
    7.26431608e-08   7.26431608e-08   7.82310963e-08   1.86264515e-09
    1.73225999e-07  -4.84287739e-08   1.84401870e-07  -1.19209290e-07
    2.23517418e-08  -9.68575478e-08  -2.04890966e-08   9.87201929e-08
    4.11644578e-07   6.89178705e-08   8.38190317e-08   4.11644578e-07
   -4.56348062e-07   8.56816769e-08  -2.62632966e-07  -3.53902578e-08
    5.77419996e-08   1.11758709e-08  -1.09896064e-07   1.63912773e-07
   -7.45058060e-09  -8.75443220e-08   1.75088644e-07   5.58793545e-08
    1.11758709e-08   4.65661287e-08  -5.58793545e-09   2.23517418e-08
    4.84287739e-08   4.84287739e-08  -7.63684511e-08  -1.69500709e-07
   -5.77419996e-08   5.58793545e-09   3.72529030e-09   1.04308128e-07
    9.87201929e-08  -6.33299351e-07   3.96743417e-07   7.63684511e-08
   -1.86264515e-08  -1.11758709e-08  -1.86264515e-07  -4.47034836e-08
   -1.86264515e-09   3.72529030e-08  -1.49011612e-08   1.11758709e-07
   -4.48897481e-07   2.23517418e-08   7.82310963e-08  -9.31322575e-09
   -5.21540642e-08  -3.35276127e-08   0.00000000e+00   1.00582838e-07
   -2.42143869e-08  -1.84401870e-07  -2.23517418e-08   1.34110451e-07
   -3.91155481e-08   5.02914190e-08   2.23517418e-08   2.23517418e-08
    0.00000000e+00  -1.11758709e-08   8.94069672e-08  -2.79396772e-08
   -2.60770321e-08   1.56462193e-07  -8.00937414e-08   5.58793545e-08
   -1.17346644e-07   6.74277544e-07   9.87201929e-08   2.79396772e-08
   -5.40167093e-08   7.45058060e-09  -7.26431608e-08   7.45058060e-09
   -2.23517418e-07  -2.23517418e-07   4.09781933e-08   1.49011612e-08
    2.23517418e-08  -1.76951289e-07  -1.45286322e-07   4.71249223e-07
    2.66358256e-07   1.63912773e-07  -1.11758709e-08  -1.30385160e-08
   -3.35276127e-08   9.12696123e-08  -3.35276127e-08   6.51925802e-08
    4.28408384e-08]
 [  1.13713918e+00   2.18022707e+00   7.37062484e-02   2.17661971e+00
    7.24680436e-01  -2.85971177e+00   2.12919237e+00   1.08896495e+00
    2.12877488e+00  -2.04586419e+00  -9.58713096e-01   8.04461548e-02
   -1.97824746e+00  -3.06414978e+00   1.13708108e+00   2.18016812e+00
    7.36503284e-02   2.17656032e+00   7.24617661e-01  -2.98018277e+00
    2.12912723e+00   2.12871320e+00  -9.58773584e-01  -1.97830657e+00
   -3.06420637e+00  -3.06769260e+00  -9.76817019e-01   1.13708122e+00
   -8.82792466e-01   1.13702448e+00   2.18010897e+00   7.24559134e-01
   -2.98023827e+00  -8.82851332e-01   2.12865155e+00  -3.06774981e+00
   -9.76878506e-01  -1.97836661e+00  -3.06426307e+00  -3.06818235e+00
    2.18010912e+00   1.12867109e+00  -1.98995912e+00  -3.06774968e+00
    8.03371923e-02   2.18005011e+00   1.12861371e+00  -1.99001769e+00
   -3.06823928e+00  -8.82910507e-01   2.12858820e+00  -3.06780578e+00
   -9.76940709e-01   8.02810572e-02  -1.95323911e+00   7.35385819e-02
   -8.78486602e-01  -1.99001756e+00   2.16121189e+00   2.16115155e+00
   -1.99007604e+00   7.34820840e-02  -3.06829615e+00  -8.82970081e-01
   -3.06786464e+00   8.02247436e-02  -8.78543035e-01  -1.95329960e+00
    7.24439883e-01   2.16115167e+00  -2.93992495e+00   1.33006143e-01
    1.13691147e+00   2.16109159e+00  -1.99013534e+00   7.34252716e-02
   -3.06835225e+00   7.24374964e-01  -2.93998083e+00   1.32951988e-01
   -8.78600080e-01  -1.95336011e+00   1.13685325e+00   1.80404989e-01
   -3.13359506e+00  -3.13359494e+00   7.34254149e-02   1.12849842e+00
    1.13679461e+00   1.12844102e+00  -1.99019486e+00   7.24310581e-01
   -2.94003641e+00  -3.13365394e+00   1.32897824e-01   1.80348705e-01
   -8.78655851e-01  -1.95342056e+00  -2.04622771e+00  -8.78655714e-01
    1.08024738e+00  -9.01971153e-01   1.08019068e+00   1.12838351e+00
   -9.02029856e-01  -2.94009061e+00  -3.13371224e+00   1.32844343e-01
    1.80292476e-01  -2.04628827e+00  -8.78715725e-01  -9.59132337e-01
    1.43143455e-01   2.16097047e+00   1.80292589e-01   1.08013270e+00
    2.16090950e+00   1.12832578e+00  -9.02088656e-01   1.80237094e-01
   -2.04634753e+00  -9.59192515e-01   1.43088737e-01   2.07754001e+00
   -1.97871879e+00   1.08848239e+00   1.08007629e+00   2.16084840e+00
   -9.02146208e-01   2.07747705e+00   1.08842678e+00  -9.59251711e-01
    1.43034049e-01  -1.97877673e+00  -2.94020067e+00  -3.13382887e+00
    2.12862384e+00  -9.77307215e-01  -8.83260295e-01   2.17608531e+00
    2.16078701e+00   2.17602640e+00  -2.94025773e+00  -3.13388926e+00
   -8.83319025e-01   2.12856416e+00   2.07741415e+00   1.08836952e+00
   -9.59310298e-01  -9.77367988e-01   1.42979071e-01   7.98908282e-02
   -2.94025761e+00  -3.06471439e+00  -2.04646593e+00   2.17596745e+00
   -2.94031459e+00  -3.13395032e+00  -8.83376737e-01   2.12850336e+00
    2.07735126e+00   1.08831331e+00  -2.04652690e+00  -9.77429094e-01
    7.98349638e-02   1.42924577e-01  -3.06477110e+00   7.30881041e-02
   -2.98074547e+00  -2.98074533e+00   7.24005457e-01   7.30317803e-02
    2.17590874e+00   7.23942531e-01  -2.98080062e+00   2.12844320e+00
    1.08825073e+00  -2.04658817e+00   7.97796845e-02  -3.06482809e+00
   -1.97895376e+00   1.13645139e+00   2.12802365e+00  -9.59428336e-01
    2.17951532e+00]
 [ -8.05533554e-09  -8.22819988e-09  -7.79211029e-09  -8.22927135e-09
   -8.89501337e-09  -7.65353309e-09  -8.75357891e-09  -8.76500795e-09
   -8.53606985e-09  -8.54071290e-09  -8.36570561e-09  -7.59245911e-09
   -8.37463455e-09  -7.85175563e-09  -7.93961643e-09  -8.21284210e-09
   -7.77282377e-09  -8.26141555e-09  -8.38570644e-09  -7.65531887e-09
   -9.02859036e-09  -8.53321259e-09  -8.38820655e-09  -8.24070040e-09
   -7.85461289e-09  -7.79175313e-09  -8.49035366e-09  -7.93961643e-09
   -8.11819530e-09  -7.87282793e-09  -8.20105589e-09  -8.19498421e-09
   -7.91961560e-09  -8.20962768e-09  -8.72107755e-09  -7.84925552e-09
   -8.53392690e-09  -8.16355433e-09  -7.89497171e-09  -7.90211487e-09
   -8.20105589e-09  -7.93783064e-09  -8.10533762e-09  -7.84925552e-09
   -7.75032283e-09  -8.19534137e-09  -8.02962018e-09  -8.12640993e-09
   -7.90032908e-09  -8.20355600e-09  -8.78929468e-09  -8.06355016e-09
   -8.50714007e-09  -7.80961102e-09  -8.41320759e-09  -7.79996776e-09
   -8.22962851e-09  -8.12676708e-09  -8.37677750e-09  -8.35641951e-09
   -8.16712591e-09  -7.83532637e-09  -7.89640035e-09  -8.02926302e-09
   -8.18819821e-09  -7.79818197e-09  -7.73996526e-09  -8.41106464e-09
   -8.70464830e-09  -8.35641951e-09  -7.76960935e-09  -7.71246411e-09
   -8.04426365e-09  -8.33927594e-09  -8.39070665e-09  -7.80889670e-09
   -7.82139722e-09  -8.94680124e-09  -7.77782398e-09  -7.41780898e-09
   -7.77532387e-09  -8.43606568e-09  -8.09176563e-09  -7.78996734e-09
   -8.22748556e-09  -8.22748556e-09  -7.80889670e-09  -7.99783314e-09
   -8.07926511e-09  -7.92604444e-09  -8.29570269e-09  -8.91215694e-09
   -7.67174813e-09  -8.05140680e-09  -7.45602486e-09  -7.81496838e-09
   -7.90711508e-09  -8.38284918e-09  -8.41606485e-09  -7.90711508e-09
   -8.15426823e-09  -8.17748348e-09  -7.83175480e-09  -7.96568895e-09
   -8.16534012e-09  -7.59174480e-09  -8.07355058e-09  -7.54638577e-09
   -7.78175271e-09  -8.26570144e-09  -8.46785272e-09  -8.32927552e-09
   -7.63138931e-09  -8.42070790e-09  -7.78175271e-09  -7.88425698e-09
   -8.48928218e-09  -7.92997317e-09  -8.04819238e-09  -7.52388483e-09
   -8.23177146e-09  -8.27641617e-09  -7.61388858e-09  -8.63500254e-09
   -8.04747807e-09  -8.08283668e-09  -8.14676792e-09  -8.48178187e-09
   -7.99283293e-09  -8.73964976e-09  -7.77425240e-09  -8.16391149e-09
   -7.63888962e-09  -8.04212070e-09  -7.80461081e-09  -8.39570686e-09
   -8.48999650e-09  -8.43570852e-09  -8.11033783e-09  -8.22962851e-09
   -8.35463372e-09  -8.15783981e-09  -7.87068499e-09  -8.39070665e-09
   -8.02854871e-09  -8.31427489e-09  -8.74072123e-09  -7.75710883e-09
   -8.14748223e-09  -8.47321009e-09  -7.63317510e-09  -7.74960852e-09
   -7.87068499e-09  -7.90818655e-09  -8.46999567e-09  -8.17284043e-09
   -7.79603902e-09  -8.31284626e-09  -8.00926219e-09  -8.31177479e-09
   -8.63571686e-09  -8.33534720e-09  -8.46749556e-09  -8.48571061e-09
   -7.69996359e-09  -7.59710216e-09  -7.84854121e-09  -7.79996776e-09
   -7.67853413e-09  -7.67853413e-09  -8.81786730e-09  -7.87639951e-09
   -8.21998525e-09  -8.84143971e-09  -7.67496255e-09  -8.76322217e-09
   -8.66428947e-09  -8.43035116e-09  -7.67246245e-09  -7.87997109e-09
   -8.25248661e-09  -7.95854579e-09  -8.50535428e-09  -8.38677791e-09
   -8.20105589e-09]
 [  0.00000000e+00   0.00000000e+00   0.00000000e+00   0.00000000e+00
    0.00000000e+00   6.04784000e+05   0.00000000e+00   0.00000000e+00
    0.00000000e+00   0.00000000e+00   0.00000000e+00   0.00000000e+00
    0.00000000e+00   0.00000000e+00   7.20000000e+03   7.20000000e+03
    7.20000000e+03   7.20000000e+03   7.20000000e+03   7.20000000e+03
    7.20000000e+03   7.20000000e+03   7.20000000e+03   7.20000000e+03
    7.20000000e+03   7.20000000e+03   7.20000000e+03   7.18400000e+03
    7.20000000e+03   1.43840000e+04   1.44000000e+04   1.44000000e+04
    1.44000000e+04   1.44000000e+04   1.44000000e+04   1.44000000e+04
    1.44000000e+04   1.44000000e+04   1.44000000e+04   1.44000000e+04
    1.43840000e+04   1.44000000e+04   1.44000000e+04   1.43840000e+04
    1.44000000e+04   2.15840000e+04   2.16000000e+04   2.16000000e+04
    2.16000000e+04   2.16000000e+04   2.16000000e+04   2.15840000e+04
    2.16000000e+04   2.16000000e+04   2.16000000e+04   2.16000000e+04
    2.16000000e+04   2.15840000e+04   2.16000000e+04   2.88000000e+04
    2.87840000e+04   2.88000000e+04   2.88000000e+04   2.88000000e+04
    2.88000000e+04   2.88000000e+04   2.88000000e+04   2.88000000e+04
    2.88000000e+04   2.87840000e+04   2.88000000e+04   2.88000000e+04
    2.88000000e+04   3.59840000e+04   3.60000000e+04   3.60000000e+04
    3.60000000e+04   3.60000000e+04   3.60000000e+04   3.60000000e+04
    3.60000000e+04   3.60000000e+04   3.60000000e+04   3.60000000e+04
    3.60000000e+04   3.59840000e+04   3.59840000e+04   3.60000000e+04
    4.32000000e+04   4.32000000e+04   4.32000000e+04   4.32000000e+04
    4.32000000e+04   4.31840000e+04   4.32000000e+04   4.32000000e+04
    4.32000000e+04   4.32000000e+04   4.32000000e+04   4.31840000e+04
    4.32000000e+04   4.32000000e+04   5.04000000e+04   5.04000000e+04
    5.04000000e+04   5.04000000e+04   5.04000000e+04   5.04000000e+04
    5.04000000e+04   5.04000000e+04   5.04000000e+04   5.04000000e+04
    5.04000000e+04   5.04000000e+04   5.03840000e+04   5.76000000e+04
    5.76000000e+04   5.76000000e+04   5.76000000e+04   5.75840000e+04
    5.76000000e+04   5.76000000e+04   5.76000000e+04   5.76000000e+04
    5.76000000e+04   5.76000000e+04   6.48000000e+04   6.48000000e+04
    6.48000000e+04   6.48000000e+04   6.48000000e+04   6.48000000e+04
    6.48000000e+04   6.48000000e+04   6.48000000e+04   6.48000000e+04
    6.48000000e+04   6.48000000e+04   6.47840000e+04   6.48000000e+04
    7.20000000e+04   7.20000000e+04   7.20000000e+04   7.20000000e+04
    7.20000000e+04   7.20000000e+04   7.20000000e+04   7.20000000e+04
    7.20000000e+04   7.20000000e+04   7.20000000e+04   7.20000000e+04
    7.19840000e+04   7.20000000e+04   7.20000000e+04   7.92000000e+04
    7.91840000e+04   7.92000000e+04   7.92000000e+04   7.92000000e+04
    7.92000000e+04   7.92000000e+04   7.92000000e+04   7.92000000e+04
    7.92000000e+04   7.92000000e+04   7.92000000e+04   7.92000000e+04
    7.92000000e+04   7.91840000e+04   7.92000000e+04   8.64000000e+04
    8.64000000e+04   8.64000000e+04   8.63840000e+04   8.64000000e+04
    8.64000000e+04   8.64000000e+04   8.64000000e+04   8.64000000e+04
    8.64000000e+04   8.64000000e+04   8.64000000e+04   8.64000000e+04
    8.64000000e+04]
 [ -5.56604937e-06  -5.28823584e-05  -7.78269023e-05   9.40375030e-05
   -7.22519122e-04  -8.67755152e-05   6.31703530e-04  -4.69123013e-04
   -1.62791926e-04  -4.12082300e-05  -4.76596877e-04   3.39702237e-04
    1.67308375e-04  -5.15748281e-04  -5.58188185e-06  -5.28460369e-05
   -7.78362155e-05   9.40985046e-05  -7.22533092e-04  -8.67820345e-05
    6.31707720e-04  -1.62884127e-04  -4.76642512e-04   1.67290214e-04
   -5.15778549e-04  -2.18258705e-04  -3.89012042e-04  -5.58514148e-06
    3.68175097e-05  -5.60143963e-06  -5.28101809e-05  -7.22547062e-04
   -8.67885537e-05   3.68165784e-05  -1.62976328e-04  -2.18260568e-04
   -3.88922635e-04   1.67272054e-04  -5.15808351e-04   4.61235642e-04
   -5.28101809e-05   4.05854546e-04   2.90028751e-04  -2.18261033e-04
    3.39762308e-04  -5.27738594e-05   4.05870378e-04   2.89992429e-04
    4.61273827e-04   3.68156470e-05  -1.63068529e-04  -2.18262896e-04
   -3.88832763e-04   3.39792110e-04   1.33160036e-04  -7.78548419e-05
    6.56074379e-04   2.89991032e-04  -2.52225436e-05  -2.52132304e-05
    2.89954245e-04  -7.78641552e-05   4.61312011e-04   3.68142501e-05
   -2.18264759e-04   3.39821912e-04   6.56097196e-04   1.33142341e-04
   -7.22575467e-04  -2.52136961e-05  -9.30665992e-05  -1.49452128e-04
   -5.63450158e-06  -2.52048485e-05   2.89917458e-04  -7.78734684e-05
    4.61350195e-04  -7.22589437e-04  -9.30698588e-05  -1.49434432e-04
    6.56119548e-04   1.33124646e-04  -5.65079972e-06  -4.79858834e-04
   -3.56771518e-04  -3.56772915e-04  -7.78776594e-05   4.05901577e-04
   -5.66709787e-06   4.05917410e-04   2.89881136e-04  -7.22603407e-04
   -9.30731185e-05  -3.56774777e-04  -1.49417203e-04  -4.79844399e-04
    6.56142365e-04   1.33107416e-04  -4.12296504e-05   6.56138174e-04
    3.00147105e-04   3.68081965e-04   3.00079118e-04   4.05933242e-04
    3.68070323e-04  -9.30763781e-05  -3.56776174e-04  -1.49399973e-04
   -4.79829498e-04  -4.12333757e-05   6.56160526e-04  -4.76915855e-04
    5.47959004e-04  -2.51866877e-05  -4.79829032e-04   3.00011132e-04
   -2.51778401e-05   4.05949075e-04   3.68059147e-04  -4.79814596e-04
   -4.12371010e-05  -4.76961024e-04   5.47925010e-04   4.90491278e-04
    1.67163089e-04  -4.68933489e-04   2.99943145e-04  -2.51685269e-05
    3.68047506e-04   4.90499660e-04  -4.68909275e-04  -4.77006659e-04
    5.47891017e-04   1.67144928e-04  -9.30828974e-05  -3.56779434e-04
    6.31737988e-04  -3.88293527e-04   3.68086621e-05   9.45879146e-05
   -2.51596794e-05   9.46489163e-05  -9.30861570e-05  -3.56781296e-04
    3.68072651e-05   6.31741714e-04   4.90508042e-04  -4.68885526e-04
   -4.77052294e-04  -3.88203654e-04   5.47856558e-04   3.40001192e-04
   -9.30884853e-05  -5.16048167e-04  -4.12445515e-05   9.47099179e-05
   -9.30922106e-05  -3.56782693e-04   3.68063338e-05   6.31745905e-04
    4.90516424e-04  -4.68861777e-04  -4.12478112e-05  -3.88113782e-04
    3.40030529e-04   5.47822565e-04  -5.16077969e-04  -7.79349357e-05
   -8.68467614e-05  -8.68458301e-05  -7.22676981e-04  -7.79442489e-05
    9.47709195e-05  -7.22691417e-04  -8.68523493e-05   6.31750096e-04
   -4.68837563e-04  -4.12515365e-05   3.40060331e-04  -5.16107772e-04
    1.67090446e-04  -5.76581806e-06  -1.63897406e-04  -4.77143098e-04
   -5.24483621e-05]
 [ -2.27373675e-12   5.00222086e-12  -1.25055521e-12   8.52651283e-12
   -1.93267624e-12  -9.09494702e-13   5.68434189e-13   3.29691829e-12
   -1.28466127e-11  -5.68434189e-13  -6.36646291e-12   4.20641300e-12
   -2.50111043e-12  -4.20641300e-12  -2.27373675e-12   5.00222086e-12
   -1.25055521e-12   8.52651283e-12  -1.93267624e-12  -9.09494702e-13
    5.68434189e-13  -1.28466127e-11  -6.36646291e-12  -2.50111043e-12
   -4.20641300e-12  -2.27373675e-13   1.23918653e-11  -2.27373675e-12
   -1.13686838e-13  -2.27373675e-12   5.00222086e-12  -1.93267624e-12
   -9.09494702e-13  -1.13686838e-13  -1.28466127e-11  -2.27373675e-13
    1.25055521e-11  -2.50111043e-12  -4.20641300e-12   5.34328137e-12
    5.00222086e-12   2.16004992e-12  -5.11590770e-12  -2.27373675e-13
    4.20641300e-12   5.00222086e-12   2.16004992e-12  -5.11590770e-12
    5.34328137e-12  -1.13686838e-13  -1.28466127e-11  -2.27373675e-13
    1.25055521e-11   4.20641300e-12  -2.38742359e-12  -1.25055521e-12
    3.18323146e-12  -5.11590770e-12   1.25055521e-12   1.25055521e-12
   -5.11590770e-12  -1.25055521e-12   5.34328137e-12  -1.13686838e-13
   -2.27373675e-13   4.09272616e-12   3.18323146e-12  -2.38742359e-12
   -1.93267624e-12   1.25055521e-12  -4.54747351e-13   2.38742359e-12
   -2.27373675e-12   1.25055521e-12  -5.11590770e-12  -1.25055521e-12
    5.34328137e-12  -1.93267624e-12  -4.54747351e-13   2.38742359e-12
    3.18323146e-12  -2.38742359e-12  -2.27373675e-12   2.04636308e-12
   -2.27373675e-13  -2.27373675e-13  -1.36424205e-12   2.16004992e-12
   -2.27373675e-12   2.16004992e-12  -5.11590770e-12  -1.93267624e-12
   -4.54747351e-13  -2.27373675e-13   2.38742359e-12   2.04636308e-12
    3.18323146e-12  -2.38742359e-12  -4.54747351e-13   3.06954462e-12
   -9.43600753e-12  -1.59161573e-12  -9.43600753e-12   2.16004992e-12
   -1.59161573e-12  -4.54747351e-13  -2.27373675e-13   2.38742359e-12
    2.04636308e-12  -4.54747351e-13   3.06954462e-12  -6.36646291e-12
   -4.77484718e-12   1.25055521e-12   2.04636308e-12  -9.43600753e-12
    1.25055521e-12   2.16004992e-12  -1.59161573e-12   2.04636308e-12
   -4.54747351e-13  -6.36646291e-12  -4.77484718e-12   1.13686838e-12
   -2.50111043e-12   3.29691829e-12  -9.43600753e-12   1.25055521e-12
   -1.59161573e-12   1.13686838e-12   3.29691829e-12  -6.36646291e-12
   -4.77484718e-12  -2.50111043e-12  -4.54747351e-13  -2.27373675e-13
    5.68434189e-13   1.25055521e-11  -1.13686838e-13   8.52651283e-12
    1.25055521e-12   8.52651283e-12  -4.54747351e-13  -2.27373675e-13
   -1.13686838e-13   5.68434189e-13   1.13686838e-12   3.29691829e-12
   -6.36646291e-12   1.25055521e-11  -4.77484718e-12   4.09272616e-12
   -4.54747351e-13  -4.09272616e-12  -4.54747351e-13   8.52651283e-12
   -4.54747351e-13  -2.27373675e-13  -1.13686838e-13   5.68434189e-13
    1.13686838e-12   3.29691829e-12  -4.54747351e-13   1.25055521e-11
    4.09272616e-12  -4.77484718e-12  -4.09272616e-12  -1.36424205e-12
   -9.09494702e-13  -9.09494702e-13  -1.93267624e-12  -1.36424205e-12
    8.52651283e-12  -1.93267624e-12  -9.09494702e-13   5.68434189e-13
    3.29691829e-12  -4.54747351e-13   4.09272616e-12  -4.09272616e-12
   -2.50111043e-12  -2.27373675e-12  -1.28466127e-11  -6.36646291e-12
    5.00222086e-12]
 [ -3.00000000e+01  -3.00000000e+01  -3.00000000e+01  -3.00000000e+01
   -3.00000000e+01   6.04770000e+05  -3.00000000e+01  -3.60000000e+03
   -3.00000000e+01  -3.51000000e+03  -3.00000000e+01  -1.20000000e+03
   -3.00000000e+01  -3.00000000e+01   0.00000000e+00   0.00000000e+00
    0.00000000e+00   0.00000000e+00   0.00000000e+00   0.00000000e+00
    0.00000000e+00   0.00000000e+00   0.00000000e+00   0.00000000e+00
    0.00000000e+00   1.53000000e+03   1.95000000e+03   3.15000000e+03
    5.01000000e+03   7.20000000e+03   7.20000000e+03   7.20000000e+03
    7.20000000e+03   7.20000000e+03   7.20000000e+03   7.20000000e+03
    7.20000000e+03   7.20000000e+03   7.20000000e+03   7.50000000e+03
    7.95000000e+03   1.00800000e+04   1.02300000e+04   1.25700000e+04
    1.39200000e+04   1.44000000e+04   1.44000000e+04   1.44000000e+04
    1.44000000e+04   1.44000000e+04   1.44000000e+04   1.44000000e+04
    1.44000000e+04   1.44000000e+04   1.54800000e+04   1.55700000e+04
    1.89900000e+04   1.94100000e+04   2.10300000e+04   2.16000000e+04
    2.16000000e+04   2.16000000e+04   2.16000000e+04   2.16000000e+04
    2.16000000e+04   2.16000000e+04   2.16000000e+04   2.16000000e+04
    2.30100000e+04   2.44800000e+04   2.61900000e+04   2.61900000e+04
    2.81100000e+04   2.88000000e+04   2.88000000e+04   2.88000000e+04
    2.88000000e+04   2.88000000e+04   2.88000000e+04   2.88000000e+04
    2.88000000e+04   2.88000000e+04   2.88300000e+04   2.94000000e+04
    3.06000000e+04   3.12000000e+04   3.17400000e+04   3.52500000e+04
    3.60000000e+04   3.60000000e+04   3.60000000e+04   3.60000000e+04
    3.60000000e+04   3.60000000e+04   3.60000000e+04   3.60000000e+04
    3.60000000e+04   3.60000000e+04   3.64200000e+04   3.64500000e+04
    3.89100000e+04   3.98400000e+04   4.32000000e+04   4.32000000e+04
    4.32000000e+04   4.32000000e+04   4.32000000e+04   4.32000000e+04
    4.32000000e+04   4.32000000e+04   4.32000000e+04   4.60200000e+04
    4.74600000e+04   4.74600000e+04   4.84800000e+04   5.04000000e+04
    5.04000000e+04   5.04000000e+04   5.04000000e+04   5.04000000e+04
    5.04000000e+04   5.04000000e+04   5.04000000e+04   5.18700000e+04
    5.41200000e+04   5.48400000e+04   5.76000000e+04   5.76000000e+04
    5.76000000e+04   5.76000000e+04   5.76000000e+04   5.76000000e+04
    5.76000000e+04   5.76000000e+04   5.86500000e+04   5.86500000e+04
    5.93100000e+04   6.00000000e+04   6.33900000e+04   6.39000000e+04
    6.48000000e+04   6.48000000e+04   6.48000000e+04   6.48000000e+04
    6.48000000e+04   6.48000000e+04   6.48000000e+04   6.48000000e+04
    6.48000000e+04   6.48000000e+04   6.48000000e+04   6.72900000e+04
    7.02000000e+04   7.02000000e+04   7.04100000e+04   7.20000000e+04
    7.20000000e+04   7.20000000e+04   7.20000000e+04   7.20000000e+04
    7.20000000e+04   7.20000000e+04   7.20000000e+04   7.20000000e+04
    7.20000000e+04   7.20000000e+04   7.20000000e+04   7.22400000e+04
    7.24800000e+04   7.81800000e+04   7.87800000e+04   7.92000000e+04
    7.92000000e+04   7.92000000e+04   7.92000000e+04   7.92000000e+04
    7.92000000e+04   7.92000000e+04   7.92000000e+04   7.92000000e+04
    7.92900000e+04   8.06400000e+04   8.19300000e+04   8.50200000e+04
    8.51400000e+04]]